0.0
2.0
3.0
6.0
8.0
11.0
15.0
18.0
23.0
26.0
31.0
35.0
38.0
43.0
48.0
55.0
59.0
64.0
69.0
74.0
80.0
87.0
89.0
96.0
100.0
106.0
113.0
117.0
123.0
129.0
134.0
138.0
144.0
154.0
160.0
164.0
168.0
177.0
179.0
191.0
197.0
206.0
205.0
217.0
222.0
230.0
232.0
240.0
245.0
258.0
261.0
263.0
276.0
282.0
288.0
293.0
303.0
308.0
312.0
321.0
321.0
330.0
342.0
346.0
355.0
365.0
370.0
379.0
381.0
388.0
399.0
400.0
405.0
421.0
422.0
437.0
438.0
447.0
458.0
464.0
466.0
478.0
486.0
497.0
499.0
506.0
509.0
523.0
529.0
538.0
540.0
555.0
561.0
567.0
569.0
583.0
591.0
597.0
601.0
615.0
619.0
627.0
634.0
641.0
654.0
660.0
669.0
675.0
683.0
691.0
698.0
707.0
710.0
715.0
729.0
731.0
744.0
748.0
754.0
759.0
764.0
783.0
789.0
792.0
802.0
808.0
820.0
829.0
832.0
847.0
849.0
859.0
868.0
876.0
887.0
894.0
899.0
908.0
912.0
920.0
930.0
946.0
951.0
963.0
970.0
973.0
985.0
993.0
1000.0
1010.0
1012.0
1031.0
1036.0
1041.0
1052.0
1061.0
1067.0
1079.0
1085.0
1095.0
1100.0
1107.0
1118.0
1121.0
1135.0
1147.0
1154.0
1154.0
1168.0
1176.0
1185.0
1197.0
1206.0
1210.0
1222.0
1230.0
1233.0
1242.0
1259.0
1261.0
1265.0
1285.0
1287.0
1298.0
1300.0
1312.0
1311.0
1332.0
1336.0
1342.0
1340.0
1367.0
1375.0
1379.0
1392.0
1393.0
1408.0
1416.0
1421.0
1426.0
1438.0
1445.0
1458.0
1462.0
1480.0
1472.0
1492.0
1504.0
1514.0
1527.0
1530.0
1542.0
1542.0
1556.0
1545.0
1573.0
1582.0
1590.0
1602.0
1603.0
1613.0
1619.0
1622.0
1643.0
1643.0
1660.0
1664.0
1670.0
1684.0
1693.0
1691.0
1703.0
1723.0
1730.0
1729.0
1737.0
1752.0
1751.0
1768.0
1779.0
1785.0
1803.0
1797.0
1815.0
1827.0
1838.0
1838.0
1847.0
1862.0
1868.0
1870.0
1891.0
1899.0
1895.0
1914.0
1925.0
1932.0
1947.0
1950.0
1959.0
1955.0
1958.0
1981.0
1995.0
2000.0
2013.0
2021.0
2025.0
2043.0
2051.0
2056.0
2065.0
2086.0
2075.0
2086.0
2088.0
2120.0
2122.0
2130.0
2134.0
2144.0
2161.0
2174.0
2189.0
2189.0
2199.0
2201.0
2220.0
2230.0
2239.0
2251.0
2254.0
2264.0
2278.0
2280.0
2295.0
2305.0
2295.0
2313.0
2324.0
2332.0
2353.0
2351.0
2363.0
2380.0
2379.0
2385.0
2403.0
2414.0
2418.0
2431.0
2442.0
2444.0
2461.0
2471.0
2489.0
2491.0
2498.0
2502.0
2517.0
2522.0
2536.0
2550.0
2561.0
2561.0
2568.0
2582.0
2574.0
2605.0
2605.0
2618.0
2629.0
2636.0
2660.0
2655.0
2670.0
2679.0
2688.0
2692.0
2694.0
2704.0
2721.0
2723.0
2747.0
2747.0
2763.0
2772.0
2786.0
2794.0
2808.0
2796.0
2824.0
2825.0
2827.0
2857.0
2859.0
2853.0
2873.0
2887.0
2908.0
2894.0
2913.0
2927.0
2940.0
2948.0
2952.0
2964.0
2964.0
2983.0
2984.0
3006.0
3016.0
3023.0
3033.0
3044.0
3050.0
3053.0
3061.0
3075.0
3080.0
3096.0
3095.0
3118.0
3118.0
3131.0
3143.0
3153.0
3169.0
3173.0
3178.0
3192.0
3194.0
3215.0
3222.0
3235.0
3237.0
3249.0
3261.0
3271.0
3268.0
3274.0
3302.0
3313.0
3309.0
3334.0
3346.0
3355.0
3349.0
3373.0
3375.0
3389.0
3398.0
3397.0
3409.0
3430.0
3425.0
3446.0
3451.0
3457.0
3469.0
3486.0
3480.0
3498.0
3499.0
3522.0
3521.0
3547.0
3559.0
3559.0
3566.0
3579.0
3598.0
3588.0
3609.0
3614.0
3626.0
3641.0
3634.0
3652.0
3666.0
3676.0
3685.0
3706.0
3711.0
3719.0
3727.0
3739.0
3740.0
3756.0
3763.0
3762.0
3786.0
3768.0
3801.0
3804.0
3820.0
3825.0
3834.0
3837.0
3865.0
3869.0
3885.0
3887.0
3899.0
3904.0
3921.0
3929.0
3945.0
3946.0
3955.0
3975.0
3970.0
3971.0
3974.0
3995.0
4013.0
4009.0
4014.0
4041.0
4041.0
4065.0
4077.0
4094.0
4098.0
4110.0
4111.0
4127.0
4134.0
4139.0
4150.0
4152.0
4166.0
4175.0
4178.0
4190.0
4200.0
4222.0
4242.0
4243.0
4252.0
4258.0
4262.0
4278.0
4287.0
4282.0
4306.0
4315.0
4323.0
4336.0
4339.0
4355.0
4347.0
4379.0
4397.0
4400.0
4409.0
4408.0
4425.0
4429.0
4449.0
4464.0
4438.0
4481.0
4490.0
4499.0
4499.0
4513.0
4538.0
4547.0
4540.0
4562.0
4576.0
4589.0
4593.0
4594.0
4615.0
4629.0
4630.0
4643.0
4662.0
4656.0
4674.0
4693.0
4699.0
4693.0
4711.0
4725.0
4739.0
4745.0
4729.0
4763.0
4771.0
4790.0
4796.0
4784.0
4825.0
4813.0
4839.0
4852.0
4863.0
4875.0
4884.0
4887.0
4886.0
4909.0
4915.0
4942.0
4943.0
4940.0
4941.0
4972.0
4979.0
4994.0
5005.0
5019.0
5013.0
5035.0
5041.0
5052.0
5071.0
5067.0
5075.0
5073.0
5115.0
5113.0
5133.0
5141.0
5134.0
5152.0
5163.0
5172.0
5174.0
5199.0
5205.0
5202.0
5223.0
5243.0
5241.0
5267.0
5275.0
5283.0
5272.0
5301.0
5303.0
5310.0
5329.0
5337.0
5353.0
5370.0
5379.0
5396.0
5377.0
5412.0
5410.0
5413.0
5440.0
5446.0
5475.0
5471.0
5474.0
5479.0
5494.0
5514.0
5528.0
5546.0
5552.0
5537.0
5554.0
5573.0
5586.0
5577.0
5608.0
5600.0
5616.0
5640.0
5650.0
5656.0
5649.0
5688.0
5696.0
5680.0
5717.0
5722.0
5728.0
5747.0
5769.0
5766.0
5782.0
5783.0
5789.0
5816.0
5818.0
5827.0
5833.0
5838.0
5850.0
5867.0
5874.0
5881.0
5894.0
5910.0
5903.0
5927.0
5944.0
5956.0
5959.0
5944.0
5981.0
6008.0
6005.0
6003.0
6029.0
6031.0
6038.0
6056.0
6073.0
6065.0
6093.0
6105.0
6102.0
6130.0
6126.0
6136.0
6142.0
6152.0
6169.0
6170.0
6183.0
6205.0
6219.0
6217.0
6243.0
6239.0
6260.0
6273.0
6285.0
6297.0
6299.0
6309.0
6314.0
6325.0
6332.0
6339.0
6365.0
6358.0
6388.0
6395.0
6402.0
6403.0
6430.0
6442.0
6436.0
6451.0
6463.0
6478.0
6494.0
6500.0
6509.0
6521.0
6519.0
6544.0
6546.0
6569.0
6558.0
6581.0
6583.0
6597.0
6605.0
6621.0
6635.0
6648.0
6638.0
6653.0
6675.0
6676.0
6683.0
6711.0
6723.0
6729.0
6734.0
6739.0
6773.0
6787.0
6765.0
6786.0
6801.0
6804.0
6829.0
6831.0
6853.0
6863.0
6865.0
6875.0
6881.0
6909.0
6917.0
6923.0
6935.0
6943.0
6938.0
6965.0
6972.0
6987.0
7002.0
7006.0
7019.0
7031.0
7027.0
7040.0
7055.0
7076.0
7079.0
7098.0
7109.0
7110.0
7131.0
7144.0
7134.0
7167.0
7164.0
7175.0
7186.0
7203.0
7191.0
7209.0
7240.0
7229.0
7249.0
7252.0
7274.0
7284.0
7287.0
7290.0
7301.0
7309.0
7303.0
7347.0
7361.0
7359.0
7358.0
7395.0
7410.0
7406.0
7419.0
7423.0
7435.0
7463.0
7453.0
7466.0
7468.0
7491.0
7488.0
7509.0
7528.0
7529.0
7543.0
7561.0
7563.0
7569.0
7594.0
7594.0
7611.0
7631.0
7630.0
7634.0
7640.0
7667.0
7677.0
7685.0
7689.0
7701.0
7716.0
7737.0
7727.0
7747.0
7761.0
7771.0
7775.0
7771.0
7801.0
7803.0
7841.0
7843.0
7847.0
7848.0
7873.0
7872.0
7904.0
7880.0
7900.0
7915.0
7917.0
7928.0
7948.0
7958.0
7956.0
7986.0
7970.0
8021.0
8018.0
8032.0
8037.0
8033.0
8055.0
8067.0
8085.0
8083.0
8086.0
8090.0
8119.0
8122.0
8152.0
8162.0
8157.0
8176.0
8174.0
8206.0
8210.0
8205.0
8239.0
8215.0
8234.0
8242.0
8250.0
8276.0
8292.0
8298.0
8316.0
8337.0
8338.0
8350.0
8375.0
8349.0
8380.0
8407.0
8403.0
8392.0
8423.0
8446.0
8446.0
8455.0
8472.0
8461.0
8492.0
8497.0
8507.0
8529.0
8511.0
8555.0
8562.0
8565.0
8577.0
8586.0
8596.0
8608.0
8617.0
8610.0
8643.0
8628.0
8659.0
8673.0
8682.0
8658.0
8705.0
8717.0
8690.0
8738.0
8761.0
8757.0
8767.0
8786.0
8791.0
8787.0
8820.0
8827.0
8827.0
8836.0
8862.0
8872.0
8871.0
8854.0
8914.0
8903.0
8905.0
8914.0
8946.0
8945.0
8977.0
8991.0
8976.0
8992.0
9022.0
9021.0
9017.0
9055.0
9068.0
9044.0
9069.0
9085.0
9103.0
9088.0
9122.0
9110.0
9124.0
9139.0
9138.0
9135.0
9179.0
9189.0
9202.0
9218.0
9236.0
9199.0
9247.0
9252.0
9261.0
9262.0
9280.0
9287.0
9320.0
9314.0
9336.0
9322.0
9337.0
9377.0
9374.0
9387.0
9390.0
9399.0
9422.0
9402.0
9418.0
9445.0
9461.0
9469.0
9472.0
9448.0
9469.0
9490.0
9496.0
