0.0
5.0
8.0
13.0
17.0
23.0
27.0
36.0
41.0
50.0
57.0
66.0
71.0
79.0
88.0
98.0
109.0
118.0
125.0
138.0
146.0
156.0
163.0
176.0
188.0
197.0
205.0
216.0
227.0
238.0
245.0
260.0
270.0
285.0
294.0
307.0
311.0
331.0
339.0
350.0
369.0
373.0
386.0
402.0
415.0
424.0
435.0
452.0
457.0
475.0
484.0
502.0
509.0
528.0
536.0
551.0
563.0
577.0
582.0
596.0
612.0
628.0
641.0
652.0
665.0
684.0
690.0
705.0
719.0
731.0
749.0
764.0
768.0
788.0
800.0
814.0
828.0
841.0
859.0
865.0
881.0
901.0
915.0
934.0
939.0
956.0
971.0
986.0
1002.0
1005.0
1027.0
1045.0
1056.0
1069.0
1080.0
1099.0
1118.0
1125.0
1137.0
1155.0
1163.0
1184.0
1202.0
1211.0
1230.0
1239.0
1264.0
1270.0
1287.0
1304.0
1319.0
1325.0
1346.0
1354.0
1368.0
1373.0
1397.0
1410.0
1426.0
1436.0
1453.0
1478.0
1486.0
1499.0
1525.0
1538.0
1548.0
1566.0
1574.0
1600.0
1621.0
1625.0
1634.0
1663.0
1675.0
1689.0
1713.0
1717.0
1736.0
1741.0
1769.0
1786.0
1802.0
1818.0
1832.0
1847.0
1865.0
1877.0
1893.0
1910.0
1926.0
1947.0
1958.0
1973.0
1991.0
2004.0
2020.0
2035.0
2051.0
2067.0
2092.0
2100.0
2123.0
2130.0
2150.0
2162.0
2189.0
2195.0
2210.0
2237.0
2250.0
2266.0
2284.0
2294.0
2304.0
2333.0
2334.0
2367.0
2380.0
2395.0
2412.0
2424.0
2439.0
2458.0
2476.0
2494.0
2498.0
2523.0
2531.0
2553.0
2556.0
2587.0
2611.0
2619.0
2642.0
2648.0
2663.0
2688.0
2704.0
2712.0
2735.0
2752.0
2772.0
2789.0
2808.0
2823.0
2839.0
2858.0
2872.0
2886.0
2903.0
2918.0
2938.0
2945.0
2959.0
2992.0
3002.0
3020.0
3039.0
3058.0
3060.0
3087.0
3096.0
3118.0
3128.0
3154.0
3169.0
3182.0
3199.0
3225.0
3230.0
3242.0
3270.0
3287.0
3296.0
3312.0
3338.0
3345.0
3351.0
3381.0
3392.0
3422.0
3429.0
3441.0
3472.0
3486.0
3500.0
3514.0
3535.0
3561.0
3551.0
3591.0
3615.0
3615.0
3641.0
3664.0
3674.0
3696.0
3695.0
3726.0
3712.0
3750.0
3771.0
3799.0
3797.0
3838.0
3857.0
3862.0
3886.0
3898.0
3915.0
3943.0
3966.0
3973.0
3986.0
4006.0
4018.0
4043.0
4053.0
4071.0
4094.0
4111.0
4130.0
4152.0
4183.0
4185.0
4201.0
4227.0
4238.0
4256.0
4280.0
4291.0
4310.0
4327.0
4343.0
4363.0
4383.0
4397.0
4408.0
4436.0
4450.0
4473.0
4482.0
4495.0
4534.0
4545.0
4558.0
4579.0
4600.0
4610.0
4631.0
4656.0
4652.0
4680.0
4704.0
4728.0
4745.0
4756.0
4771.0
4790.0
4816.0
4826.0
4852.0
4875.0
4882.0
4907.0
4935.0
4918.0
4968.0
4967.0
4999.0
5017.0
5021.0
5052.0
5049.0
5080.0
5111.0
5122.0
5134.0
5146.0
5177.0
5200.0
5191.0
5234.0
5239.0
5267.0
5281.0
5309.0
5325.0
5347.0
5342.0
5387.0
5400.0
5408.0
5441.0
5458.0
5468.0
5463.0
5512.0
5529.0
5538.0
5560.0
5579.0
5606.0
5619.0
5630.0
5653.0
5653.0
5684.0
5706.0
5736.0
5748.0
5761.0
5783.0
5806.0
5823.0
5831.0
5851.0
5875.0
5880.0
5897.0
5910.0
5947.0
5963.0
5983.0
5982.0
6031.0
6038.0
6060.0
6070.0
6087.0
6121.0
6129.0
6159.0
6175.0
6177.0
6201.0
6232.0
6240.0
6253.0
6266.0
6312.0
6317.0
6334.0
6353.0
6371.0
6382.0
6401.0
6423.0
6453.0
6462.0
6480.0
6499.0
6512.0
6531.0
6559.0
6579.0
6597.0
6593.0
6623.0
6643.0
6673.0
6691.0
6704.0
6724.0
6737.0
6767.0
6774.0
6808.0
6802.0
6835.0
6855.0
6875.0
6892.0
6916.0
6933.0
6957.0
6951.0
6978.0
7005.0
7013.0
7041.0
7066.0
7089.0
7100.0
7105.0
7145.0
7142.0
7178.0
7190.0
7208.0
7214.0
7226.0
7244.0
7289.0
7309.0
7314.0
7337.0
7356.0
7382.0
7396.0
7411.0
7439.0
7457.0
7469.0
7486.0
7507.0
7529.0
7517.0
7559.0
7577.0
7604.0
7613.0
7625.0
7653.0
7676.0
7694.0
7702.0
7710.0
7751.0
7754.0
7794.0
7807.0
7825.0
7857.0
7865.0
7873.0
7902.0
7922.0
7934.0
7945.0
7974.0
7994.0
8014.0
8026.0
8028.0
8067.0
8092.0
8105.0
8119.0
8137.0
8155.0
8186.0
8188.0
8217.0
8243.0
8240.0
8285.0
8296.0
8309.0
8331.0
8342.0
8377.0
8394.0
8416.0
8432.0
8457.0
8458.0
8484.0
8499.0
8529.0
8491.0
8572.0
8585.0
8631.0
8631.0
8612.0
8667.0
8683.0
8701.0
8733.0
8756.0
8748.0
8776.0
8812.0
8819.0
8853.0
8867.0
8884.0
8923.0
8921.0
8947.0
8969.0
8981.0
8994.0
9019.0
9037.0
9047.0
9079.0
9089.0
9121.0
9118.0
9149.0
9174.0
9170.0
9230.0
9213.0
9253.0
9281.0
9293.0
9320.0
9346.0
9349.0
9355.0
9407.0
9410.0
9449.0
9458.0
9452.0
9490.0
9512.0
9529.0
9550.0
9577.0
9603.0
9600.0
9622.0
9656.0
9667.0
9692.0
9708.0
9724.0
9727.0
9787.0
9792.0
9830.0
9823.0
9851.0
9875.0
9896.0
9895.0
9924.0
9957.0
9957.0
9983.0
10004.0
10023.0
10033.0
10069.0
10089.0
10104.0
10092.0
10155.0
10152.0
10195.0
10211.0
10227.0
10217.0
10267.0
10287.0
10310.0
10326.0
10361.0
10365.0
10391.0
10421.0
10429.0
10460.0
10485.0
10489.0
10494.0
10519.0
10562.0
10569.0
10605.0
10619.0
10642.0
10658.0
10666.0
10681.0
10701.0
10728.0
10733.0
10774.0
10799.0
10817.0
10841.0
10850.0
10882.0
10894.0
10900.0
10940.0
10943.0
10966.0
10997.0
11036.0
11033.0
11039.0
11081.0
11086.0
11127.0
11141.0
11157.0
11174.0
11187.0
11218.0
11255.0
11257.0
11267.0
11276.0
11323.0
11314.0
11348.0
11390.0
11392.0
11415.0
11412.0
11443.0
11481.0
11501.0
11497.0
11539.0
11558.0
11560.0
11602.0
11626.0
11643.0
11674.0
11687.0
11702.0
11739.0
11738.0
11761.0
11780.0
11799.0
11823.0
11840.0
11873.0
11894.0
11905.0
11913.0
11938.0
11956.0
11985.0
12000.0
12016.0
12039.0
12066.0
12075.0
12092.0
12120.0
12139.0
12152.0
12174.0
12205.0
12227.0
12230.0
12278.0
12293.0
12314.0
12311.0
12346.0
12380.0
12401.0
12420.0
12443.0
12443.0
12472.0
12502.0
12505.0
12515.0
12549.0
12589.0
12569.0
12619.0
12634.0
12654.0
12656.0
12701.0
12708.0
12733.0
12750.0
12755.0
12803.0
12815.0
12830.0
12861.0
12901.0
12886.0
12903.0
12928.0
12968.0
12957.0
12994.0
13027.0
13027.0
13066.0
13068.0
13095.0
13122.0
13156.0
13149.0
13186.0
13206.0
13232.0
13247.0
13271.0
13278.0
13312.0
13316.0
13345.0
13364.0
13382.0
13398.0
13433.0
13447.0
13477.0
13488.0
13487.0
13541.0
13545.0
13555.0
13599.0
13609.0
13645.0
13655.0
13655.0
13688.0
13726.0
13746.0
13751.0
13782.0
13816.0
13788.0
13852.0
13879.0
13854.0
13906.0
13898.0
13933.0
13948.0
13974.0
13981.0
13984.0
14035.0
14029.0
14100.0
14103.0
14115.0
14131.0
14171.0
14177.0
14191.0
14226.0
14241.0
14273.0
14267.0
14309.0
14323.0
14358.0
14335.0
14393.0
14378.0
14431.0
14454.0
14465.0
14468.0
14519.0
14522.0
14545.0
14573.0
14594.0
14601.0
14662.0
14659.0
14675.0
14710.0
14715.0
14753.0
14728.0
14774.0
14800.0
14815.0
14833.0
14864.0
14887.0
14906.0
14933.0
14911.0
14951.0
14985.0
15032.0
15040.0
15020.0
15077.0
15101.0
15110.0
15123.0
15137.0
15188.0
15180.0
15211.0
15228.0
15259.0
15268.0
15295.0
15322.0
15338.0
15377.0
15382.0
15413.0
15421.0
15407.0
15463.0
15473.0
15499.0
15510.0
15547.0
15550.0
15573.0
15622.0
15643.0
15661.0
15664.0
15670.0
15705.0
15737.0
15745.0
15775.0
15795.0
15818.0
15836.0
15841.0
15867.0
15882.0
15917.0
15927.0
15941.0
15992.0
15990.0
16009.0
16060.0
16022.0
16081.0
16099.0
16131.0
16142.0
16165.0
16175.0
16195.0
16235.0
16209.0
16254.0
16297.0
16302.0
16343.0
16360.0
16369.0
16406.0
16417.0
16437.0
16466.0
16481.0
16493.0
16515.0
16543.0
16555.0
16558.0
16572.0
16611.0
16662.0
16652.0
16633.0
16712.0
16734.0
16723.0
16756.0
16791.0
16809.0
16837.0
16843.0
16875.0
16885.0
16896.0
16938.0
16953.0
16988.0
16998.0
17017.0
17036.0
17017.0
17076.0
17091.0
17113.0
17110.0
17138.0
17194.0
17199.0
17237.0
17230.0
17268.0
17287.0
17304.0
17317.0
17367.0
17375.0
17382.0
17403.0
17428.0
17448.0
17461.0
17501.0
17486.0
17526.0
17548.0
17570.0
17599.0
17613.0
17633.0
17667.0
17677.0
17704.0
17687.0
17739.0
17752.0
17779.0
17781.0
17824.0
17852.0
17852.0
17890.0
17910.0
17916.0
17938.0
17987.0
17993.0
18015.0
18054.0
18044.0
18080.0
18068.0
18098.0
18132.0
18149.0
18175.0
18201.0
18195.0
18186.0
18255.0
18257.0
