0.0
1.0
2.0
4.0
6.0
8.0
12.0
14.0
19.0
21.0
26.0
29.0
32.0
36.0
41.0
47.0
51.0
55.0
60.0
64.0
70.0
76.0
78.0
84.0
88.0
93.0
100.0
103.0
109.0
114.0
119.0
122.0
128.0
137.0
143.0
146.0
150.0
158.0
160.0
171.0
177.0
185.0
184.0
195.0
200.0
207.0
209.0
216.0
221.0
233.0
236.0
237.0
250.0
255.0
261.0
265.0
275.0
279.0
283.0
291.0
291.0
299.0
311.0
314.0
323.0
332.0
337.0
345.0
347.0
353.0
364.0
364.0
369.0
384.0
385.0
399.0
400.0
408.0
419.0
424.0
426.0
437.0
445.0
455.0
457.0
463.0
466.0
479.0
485.0
493.0
495.0
509.0
515.0
520.0
522.0
535.0
543.0
548.0
552.0
565.0
569.0
576.0
583.0
589.0
602.0
607.0
616.0
621.0
629.0
636.0
643.0
651.0
654.0
658.0
672.0
673.0
686.0
689.0
695.0
699.0
704.0
722.0
728.0
730.0
740.0
745.0
757.0
765.0
768.0
782.0
784.0
793.0
802.0
809.0
820.0
826.0
831.0
839.0
843.0
850.0
860.0
875.0
880.0
891.0
898.0
900.0
912.0
919.0
926.0
935.0
937.0
955.0
960.0
964.0
975.0
983.0
989.0
1000.0
1006.0
1015.0
1020.0
1026.0
1037.0
1039.0
1053.0
1064.0
1071.0
1070.0
1084.0
1091.0
1100.0
1111.0
1120.0
1123.0
1135.0
1142.0
1145.0
1153.0
1170.0
1171.0
1175.0
1194.0
1196.0
1206.0
1208.0
1219.0
1218.0
1238.0
1242.0
1247.0
1245.0
1271.0
1279.0
1282.0
1295.0
1295.0
1310.0
1317.0
1322.0
1326.0
1338.0
1344.0
1357.0
1360.0
1378.0
1369.0
1389.0
1400.0
1410.0
1422.0
1425.0
1436.0
1436.0
1449.0
1438.0
1465.0
1474.0
1481.0
1493.0
1493.0
1503.0
1508.0
1511.0
1531.0
1531.0
1547.0
1551.0
1556.0
1570.0
1578.0
1576.0
1587.0
1607.0
1613.0
1612.0
1619.0
1634.0
1632.0
1649.0
1659.0
1665.0
1682.0
1676.0
1693.0
1705.0
1715.0
1715.0
1723.0
1738.0
1743.0
1745.0
1765.0
1773.0
1768.0
1787.0
1797.0
1804.0
1818.0
1821.0
1829.0
1825.0
1827.0
1850.0
1863.0
1868.0
1880.0
1888.0
1891.0
1909.0
1916.0
1921.0
1929.0
1950.0
1938.0
1949.0
1950.0
1982.0
1983.0
1991.0
1994.0
2004.0
2020.0
2033.0
2047.0
2047.0
2056.0
2058.0
2076.0
2086.0
2094.0
2106.0
2108.0
2118.0
2131.0
2133.0
2147.0
2157.0
2146.0
2164.0
2174.0
2182.0
2202.0
2200.0
2211.0
2228.0
2226.0
2232.0
2249.0
2260.0
2263.0
2276.0
2286.0
2288.0
2304.0
2314.0
2331.0
2333.0
2339.0
2343.0
2357.0
2362.0
2375.0
2389.0
2399.0
2399.0
2405.0
2419.0
2410.0
2441.0
2440.0
2453.0
2463.0
2470.0
2493.0
2488.0
2502.0
2511.0
2519.0
2523.0
2524.0
2534.0
2550.0
2552.0
2575.0
2575.0
2590.0
2599.0
2612.0
2620.0
2633.0
2621.0
2648.0
2649.0
2650.0
2680.0
2681.0
2675.0
2694.0
2708.0
2728.0
2714.0
2732.0
2746.0
2758.0
2766.0
2769.0
2781.0
2780.0
2799.0
2799.0
2821.0
2830.0
2837.0
2846.0
2857.0
2862.0
2865.0
2872.0
2886.0
2890.0
2906.0
2904.0
2927.0
2926.0
2939.0
2950.0
2960.0
2975.0
2979.0
2983.0
2997.0
2998.0
3019.0
3025.0
3038.0
3039.0
3051.0
3062.0
3072.0
3068.0
3074.0
3101.0
3112.0
3107.0
3132.0
3143.0
3152.0
3145.0
3169.0
3170.0
3184.0
3192.0
3191.0
3202.0
3223.0
3217.0
3238.0
3242.0
3248.0
3259.0
3276.0
3269.0
3287.0
3287.0
3310.0
3308.0
3334.0
3345.0
3345.0
3351.0
3364.0
3382.0
3372.0
3392.0
3397.0
3408.0
3423.0
3415.0
3433.0
3446.0
3456.0
3464.0
3485.0
3489.0
3497.0
3504.0
3516.0
3516.0
3532.0
3538.0
3537.0
3560.0
3542.0
3574.0
3577.0
3592.0
3597.0
3605.0
3608.0
3635.0
3639.0
3654.0
3656.0
3667.0
3672.0
3688.0
3696.0
3711.0
3712.0
3720.0
3740.0
3734.0
3735.0
3737.0
3758.0
3775.0
3771.0
3775.0
3802.0
3801.0
3825.0
3836.0
3853.0
3856.0
3868.0
3868.0
3884.0
3890.0
3895.0
3905.0
3907.0
3920.0
3929.0
3931.0
3943.0
3952.0
3974.0
3993.0
3994.0
4002.0
4008.0
4011.0
4027.0
4035.0
4030.0
4053.0
4062.0
4069.0
4082.0
4084.0
4100.0
4091.0
4123.0
4140.0
4143.0
4151.0
4150.0
4166.0
4170.0
4189.0
4204.0
4177.0
4220.0
4228.0
4237.0
4236.0
4250.0
4274.0
4283.0
4275.0
4297.0
4310.0
4323.0
4326.0
4327.0
4347.0
4361.0
4361.0
4374.0
4392.0
4386.0
4403.0
4422.0
4427.0
4421.0
4438.0
4452.0
4465.0
4471.0
4454.0
4488.0
4495.0
4514.0
4519.0
4507.0
4547.0
4535.0
4560.0
4573.0
4583.0
4595.0
4603.0
4606.0
4604.0
4627.0
4632.0
4659.0
4659.0
4656.0
4656.0
4687.0
4693.0
4708.0
4718.0
4732.0
4725.0
4747.0
4752.0
4763.0
4781.0
4777.0
4784.0
4782.0
4823.0
4821.0
4840.0
4848.0
4840.0
4858.0
4868.0
4877.0
4878.0
4903.0
4908.0
4905.0
4925.0
4945.0
4942.0
4968.0
4975.0
4983.0
4971.0
5000.0
5001.0
5008.0
5026.0
5034.0
5049.0
5066.0
5074.0
5091.0
5071.0
5106.0
5103.0
5106.0
5132.0
5138.0
5166.0
5162.0
5164.0
5169.0
5183.0
5203.0
5216.0
5234.0
5239.0
5224.0
5240.0
5259.0
5271.0
5262.0
5292.0
5284.0
5299.0
5323.0
5332.0
5338.0
5330.0
5369.0
5376.0
5360.0
5396.0
5401.0
5406.0
5425.0
5446.0
5443.0
5458.0
5459.0
5464.0
5491.0
5492.0
5501.0
5506.0
5511.0
5522.0
5539.0
5545.0
5552.0
5564.0
5580.0
5572.0
5596.0
5612.0
5624.0
5626.0
5611.0
5647.0
5674.0
5670.0
5668.0
5693.0
5695.0
5701.0
5719.0
5735.0
5727.0
5754.0
5766.0
5762.0
5790.0
5785.0
5795.0
5800.0
5810.0
5826.0
5827.0
5839.0
5861.0
5874.0
5872.0
5897.0
5893.0
5913.0
5926.0
5937.0
5949.0
5950.0
5960.0
5964.0
5975.0
5981.0
5988.0
6013.0
6006.0
6035.0
6042.0
6048.0
6049.0
6075.0
6087.0
6080.0
6095.0
6106.0
6121.0
6136.0
6142.0
6150.0
6162.0
6159.0
6184.0
6185.0
6208.0
6196.0
6219.0
6220.0
6234.0
6241.0
6257.0
6270.0
6283.0
6272.0
6287.0
6308.0
6309.0
6315.0
6343.0
6354.0
6360.0
6364.0
6369.0
6402.0
6416.0
6393.0
6414.0
6428.0
6431.0
6455.0
6457.0
6478.0
6488.0
6489.0
6499.0
6504.0
6532.0
6539.0
6545.0
6556.0
6564.0
6558.0
6585.0
6591.0
6606.0
6620.0
6624.0
6636.0
6648.0
6643.0
6656.0
6670.0
6691.0
6693.0
6712.0
6722.0
6723.0
6743.0
6756.0
6745.0
6778.0
6774.0
6785.0
6795.0
6812.0
6799.0
6817.0
6847.0
6836.0
6855.0
6858.0
6879.0
6889.0
6891.0
6894.0
6904.0
6912.0
6905.0
6949.0
6962.0
6960.0
6958.0
6995.0
7009.0
7005.0
7017.0
7021.0
7032.0
7060.0
7049.0
7062.0
7063.0
7086.0
7082.0
7103.0
7121.0
7122.0
7135.0
7153.0
7154.0
7160.0
7184.0
7184.0
7200.0
7220.0
7218.0
7222.0
7227.0
7254.0
7263.0
7271.0
7274.0
7286.0
7300.0
7321.0
7310.0
7330.0
7343.0
7353.0
7356.0
7352.0
7381.0
7383.0
7420.0
7422.0
7425.0
7426.0
7450.0
7449.0
7480.0
7456.0
7475.0
7490.0
7491.0
7502.0
7521.0
7531.0
7528.0
7558.0
7541.0
7592.0
7588.0
7602.0
7606.0
7602.0
7623.0
7635.0
7652.0
7650.0
7652.0
7656.0
7684.0
7687.0
7716.0
7726.0
7720.0
7739.0
7736.0
7768.0
7771.0
7766.0
7799.0
7775.0
7793.0
7801.0
7808.0
7834.0
7849.0
7855.0
7872.0
7893.0
7893.0
7905.0
7929.0
7903.0
7933.0
7960.0
7955.0
7944.0
7974.0
7997.0
7996.0
8005.0
8021.0
8010.0
8040.0
8045.0
8054.0
8076.0
8057.0
8101.0
8107.0
8110.0
8121.0
8130.0
8139.0
8151.0
8159.0
8152.0
8184.0
8169.0
8199.0
8213.0
8221.0
8197.0
8243.0
8255.0
8227.0
8275.0
8297.0
8293.0
8302.0
8321.0
8325.0
8321.0
8353.0
8360.0
8359.0
8368.0
8393.0
8403.0
8401.0
8384.0
8443.0
8432.0
8433.0
8442.0
8473.0
8472.0
8503.0
8517.0
8501.0
8517.0
8546.0
8545.0
8540.0
8578.0
8590.0
8566.0
8590.0
8606.0
8623.0
8608.0
8641.0
8629.0
8642.0
8657.0
8655.0
8652.0
8695.0
8705.0
8717.0
8733.0
8750.0
8713.0
8760.0
8765.0
8773.0
8774.0
8791.0
8798.0
8830.0
8824.0
8845.0
8831.0
8845.0
8885.0
8881.0
8894.0
8896.0
8905.0
8927.0
8907.0
8922.0
8949.0
8964.0
8972.0
8974.0
8950.0
8970.0
8991.0
8996.0
